|U               | U`             | |U`- U|        |
|----------------|----------------|----------------|
|   0,000000E+000|   0,000000E+000|   0,000000E+000|
|   0,000000E+000|   0,000000E+000|   0,000000E+000|
|   8,000000E-003|   8,000000E-003|   8,981800E-011|
|   1,600000E-002|   1,600000E-002|   1,796360E-010|
|   6,400000E-002|   6,400000E-002|   7,185440E-010|
|   1,280000E-001|   1,280000E-001|   1,437088E-009|
|   2,160000E-001|   2,160000E-001|   2,425079E-009|
|   4,320000E-001|   4,320000E-001|   4,850158E-009|
|   5,120000E-001|   5,120000E-001|   5,748352E-009|
|   1,024000E+000|   1,024000E+000|   1,149670E-008|
|   1,000000E+000|   1,000000E+000|   1,122722E-008|
|   2,000000E+000|   2,000000E+000|   2,245445E-008|
|   8,000000E-003|   8,000000E-003|   8,981800E-011|
|  -8,000000E-003|  -8,000000E-003|   8,981800E-011|
|   1,600000E-002|   1,600000E-002|   1,796360E-010|
|   8,000000E-003|   8,000000E-003|   8,981800E-011|
|   7,200000E-002|   7,200000E-002|   8,083579E-010|
|   1,200000E-001|   1,200000E-001|   1,347269E-009|
|   2,240000E-001|   2,240000E-001|   2,514899E-009|
|   4,240000E-001|   4,240000E-001|   4,760339E-009|
|   5,200000E-001|   5,200000E-001|   5,838150E-009|
|   1,016000E+000|   1,016000E+000|   1,140682E-008|
|   1,008000E+000|   1,008000E+000|   1,131702E-008|
|   1,992000E+000|   1,992000E+000|   2,236465E-008|
|   6,400000E-002|   6,400000E-002|   7,185440E-010|
|  -6,400000E-002|  -6,400000E-002|   7,185440E-010|
|   7,200000E-002|   7,200000E-002|   8,083579E-010|
|  -4,800000E-002|  -4,800000E-002|   5,389080E-010|
|   1,280000E-001|   1,280000E-001|   1,437088E-009|
|   6,400000E-002|   6,400000E-002|   7,185440E-010|
|   2,800000E-001|   2,800000E-001|   3,143612E-009|
|   3,680000E-001|   3,680000E-001|   4,131625E-009|
|   5,760000E-001|   5,760000E-001|   6,466863E-009|
|   9,600000E-001|   9,600000E-001|   1,077815E-008|
|   1,064000E+000|   1,064000E+000|   1,194578E-008|
|   1,936000E+000|   1,936000E+000|   2,173589E-008|
|   2,160000E-001|   2,160000E-001|   2,425079E-009|
|  -2,160000E-001|  -2,160000E-001|   2,425079E-009|
|   2,240000E-001|   2,240000E-001|   2,514899E-009|
|  -2,000000E-001|  -2,000000E-001|   2,245441E-009|
|   2,800000E-001|   2,800000E-001|   3,143612E-009|
|  -8,800000E-002|  -8,800000E-002|   9,879967E-010|
|   4,320000E-001|   4,320000E-001|   4,850158E-009|
|   2,160000E-001|   2,160000E-001|   2,425079E-009|
|   7,280000E-001|   7,280000E-001|   8,173410E-009|
|   8,080000E-001|   8,080000E-001|   9,071603E-009|
|   1,216000E+000|   1,216000E+000|   1,365228E-008|
|   1,784000E+000|   1,784000E+000|   2,002939E-008|
|   5,120000E-001|   5,120000E-001|   5,748352E-009|
|  -5,120000E-001|  -5,120000E-001|   5,748352E-009|
|   5,200000E-001|   5,200000E-001|   5,838150E-009|
|  -4,960000E-001|  -4,960000E-001|   5,568713E-009|
|   5,760000E-001|   5,760000E-001|   6,466863E-009|
|  -3,840000E-001|  -3,840000E-001|   4,311264E-009|
|   7,280000E-001|   7,280000E-001|   8,173410E-009|
|  -8,000000E-002|  -8,000000E-002|   8,981773E-010|
|   1,024000E+000|   1,024000E+000|   1,149670E-008|
|   5,120000E-001|   5,120000E-001|   5,748352E-009|
|   1,512000E+000|   1,512000E+000|   1,697558E-008|
|   1,488000E+000|   1,488000E+000|   1,670610E-008|
|   1,000000E+000|   1,000000E+000|   1,122722E-008|
|  -1,000000E+000|  -1,000000E+000|   1,122722E-008|
|   1,008000E+000|   1,008000E+000|   1,131702E-008|
|  -9,840000E-001|  -9,840000E-001|   1,104759E-008|
|   1,064000E+000|   1,064000E+000|   1,194578E-008|
|  -8,720000E-001|  -8,720000E-001|   9,790158E-009|
|   1,216000E+000|   1,216000E+000|   1,365228E-008|
|  -5,680000E-001|  -5,680000E-001|   6,377066E-009|
|   1,512000E+000|   1,512000E+000|   1,697558E-008|
|   2,400000E-002|   2,400000E-002|   2,694540E-010|
|   2,000000E+000|   2,000000E+000|   2,245445E-008|
|   1,000000E+000|   1,000000E+000|   1,122722E-008|
|   8,000000E-003|   8,000000E-003|   8,981800E-011|
|   2,400000E-002|   2,400000E-002|   2,694540E-010|
|   1,600000E-002|   1,600000E-002|   1,796360E-010|
|   4,000000E-002|   4,000000E-002|   4,490887E-010|
|   7,200000E-002|   7,200000E-002|   8,083579E-010|
|   1,520000E-001|   1,520000E-001|   1,706535E-009|
|   2,240000E-001|   2,240000E-001|   2,514899E-009|
|   4,560000E-001|   4,560000E-001|   5,119617E-009|
|   5,200000E-001|   5,200000E-001|   5,838150E-009|
|   1,048000E+000|   1,048000E+000|   1,176610E-008|
|   1,008000E+000|   1,008000E+000|   1,131702E-008|
|   2,024000E+000|   2,024000E+000|   2,272393E-008|
|   1,600000E-002|   1,600000E-002|   1,796360E-010|
|   1,600000E-002|   1,600000E-002|   1,796360E-010|
|   2,399996E-002|   2,400000E-002|   3,737933E-008|
|   3,200001E-002|   3,200000E-002|   1,312986E-008|
|   7,999994E-002|   8,000000E-002|   5,520280E-008|
|   1,440000E-001|   1,440000E-001|   1,287346E-008|
|   2,320000E-001|   2,320000E-001|   4,809159E-008|
|   4,480000E-001|   4,480000E-001|   1,108592E-008|
|   5,280000E-001|   5,280000E-001|   2,700235E-008|
|   1,040000E+000|   1,040000E+000|   4,206784E-009|
|   1,016000E+000|   1,016000E+000|   1,140682E-008|
|   2,016000E+000|   2,016000E+000|   2,263404E-008|
|   7,200000E-002|   7,200000E-002|   8,083579E-010|
|  -4,000000E-002|  -4,000000E-002|   4,490887E-010|
|   8,000002E-002|   8,000000E-002|   2,287191E-008|
|  -2,399995E-002|  -2,400000E-002|   4,510787E-008|
|   1,360000E-001|   1,360000E-001|   4,441045E-008|
|   8,800007E-002|   8,800000E-002|   6,702613E-008|
|   2,880000E-001|   2,880000E-001|   4,678620E-008|
|   3,920001E-001|   3,920000E-001|   5,955886E-008|
|   5,840000E-001|   5,840000E-001|   2,843886E-008|
|   9,840000E-001|   9,840000E-001|   3,273184E-008|
|   1,072000E+000|   1,072000E+000|   1,203558E-008|
|   1,960000E+000|   1,960000E+000|   2,200537E-008|
|   2,240000E-001|   2,240000E-001|   2,514899E-009|
|  -1,920000E-001|  -1,920000E-001|   2,155632E-009|
|   2,320001E-001|   2,320000E-001|   5,991739E-008|
|  -1,760000E-001|  -1,760000E-001|   3,111468E-008|
|   2,880001E-001|   2,880000E-001|   9,730377E-008|
|  -6,399996E-002|  -6,400000E-002|   4,426605E-008|
|   4,400001E-001|   4,400000E-001|   9,433320E-008|
|   2,400000E-001|   2,400000E-001|   3,700268E-008|
|   7,360001E-001|   7,360000E-001|   5,567593E-008|
|   8,320000E-001|   8,320000E-001|   2,141967E-008|
|   1,224000E+000|   1,224000E+000|   1,374208E-008|
|   1,808000E+000|   1,808000E+000|   2,029878E-008|
|   5,200000E-001|   5,200000E-001|   5,838150E-009|
|  -4,880000E-001|  -4,880000E-001|   5,478894E-009|
|   5,280000E-001|   5,280000E-001|   3,028476E-008|
|  -4,720000E-001|  -4,720000E-001|   3,283046E-009|
|   5,840000E-001|   5,840000E-001|   4,483161E-008|
|  -3,600000E-001|  -3,600000E-001|   8,992871E-010|
|   7,360000E-001|   7,360000E-001|   4,087569E-008|
|  -5,600000E-002|  -5,600000E-002|   1,664748E-009|
|   1,032000E+000|   1,032000E+000|   2,360652E-008|
|   5,360000E-001|   5,360000E-001|   1,143840E-009|
|   1,520000E+000|   1,520000E+000|   1,706537E-008|
|   1,512000E+000|   1,512000E+000|   1,697558E-008|
|   1,008000E+000|   1,008000E+000|   1,131702E-008|
|  -9,760000E-001|  -9,760000E-001|   1,095779E-008|
|   1,016000E+000|   1,016000E+000|   1,140682E-008|
|  -9,600000E-001|  -9,600000E-001|   1,077815E-008|
|   1,072000E+000|   1,072000E+000|   1,203558E-008|
|  -8,480000E-001|  -8,480000E-001|   9,520678E-009|
|   1,224000E+000|   1,224000E+000|   1,374208E-008|
|  -5,440000E-001|  -5,440000E-001|   6,107629E-009|
|   1,520000E+000|   1,520000E+000|   1,706537E-008|
|   4,800000E-002|   4,800000E-002|   5,389080E-010|
|   2,008000E+000|   2,008000E+000|   2,254433E-008|
|   1,024000E+000|   1,024000E+000|   1,149670E-008|
|   6,400000E-002|   6,400000E-002|   7,185440E-010|
|   1,920000E-001|   1,920000E-001|   2,155632E-009|
|   7,200000E-002|   7,200000E-002|   8,083579E-010|
|   2,080000E-001|   2,080000E-001|   2,335260E-009|
|   1,280000E-001|   1,280000E-001|   1,437088E-009|
|   3,200000E-001|   3,200000E-001|   3,592709E-009|
|   2,800000E-001|   2,800000E-001|   3,143612E-009|
|   6,240000E-001|   6,240000E-001|   7,005780E-009|
|   5,760000E-001|   5,760000E-001|   6,466863E-009|
|   1,216000E+000|   1,216000E+000|   1,365228E-008|
|   1,064000E+000|   1,064000E+000|   1,194578E-008|
|   2,192000E+000|   2,192000E+000|   2,461011E-008|
|   7,200000E-002|   7,200000E-002|   8,083579E-010|
|   1,840000E-001|   1,840000E-001|   2,065813E-009|
|   8,000005E-002|   8,000000E-002|   4,839210E-008|
|   2,000000E-001|   2,000000E-001|   1,665156E-008|
|   1,360001E-001|   1,360000E-001|   7,670125E-008|
|   3,120000E-001|   3,120000E-001|   2,213149E-008|
|   2,880001E-001|   2,880000E-001|   7,283870E-008|
|   6,160000E-001|   6,160000E-001|   1,990811E-008|
|   5,840000E-001|   5,840000E-001|   4,253099E-008|
|   1,208000E+000|   1,208000E+000|   1,047481E-008|
|   1,072000E+000|   1,072000E+000|   1,203558E-008|
|   2,184000E+000|   2,184000E+000|   2,452023E-008|
|   1,280000E-001|   1,280000E-001|   1,437088E-009|
|   1,280000E-001|   1,280000E-001|   1,437088E-009|
|   1,360001E-001|   1,360000E-001|   5,279386E-008|
|   1,440000E-001|   1,440000E-001|   1,148480E-009|
|   1,920001E-001|   1,920000E-001|   7,378393E-008|
|   2,560000E-001|   2,560000E-001|   7,573259E-009|
|   3,440001E-001|   3,440000E-001|   6,505461E-008|
|   5,600000E-001|   5,600000E-001|   1,011263E-008|
|   6,400000E-001|   6,400000E-001|   3,966058E-008|
|   1,152000E+000|   1,152000E+000|   3,738037E-009|
|   1,128000E+000|   1,128000E+000|   1,266433E-008|
|   2,128000E+000|   2,128000E+000|   2,389156E-008|
|   2,800000E-001|   2,800000E-001|   3,143612E-009|
|  -2,400000E-002|  -2,400000E-002|   2,694540E-010|
|   2,880000E-001|   2,880000E-001|   2,262053E-008|
|  -8,000009E-003|  -8,000000E-003|   8,966144E-009|
|   3,440000E-001|   3,440000E-001|   2,437966E-008|
|   1,040000E-001|   1,040000E-001|   1,583572E-008|
|   4,960000E-001|   4,960000E-001|   2,011329E-008|
|   4,080000E-001|   4,080000E-001|   1,521960E-008|
|   7,920000E-001|   7,920000E-001|   1,411482E-008|
|   1,000000E+000|   1,000000E+000|   8,303270E-009|
|   1,280000E+000|   1,280000E+000|   1,437084E-008|
|   1,976000E+000|   1,976000E+000|   2,218497E-008|
|   5,760000E-001|   5,760000E-001|   6,466863E-009|
|  -3,200000E-001|  -3,200000E-001|   3,592709E-009|
|   5,840000E-001|   5,840000E-001|   7,405358E-009|
|  -3,040000E-001|  -3,040000E-001|   3,625524E-009|
|   6,400000E-001|   6,400000E-001|   8,181752E-009|
|  -1,920000E-001|  -1,920000E-001|   5,001835E-009|
|   7,920000E-001|   7,920000E-001|   7,494552E-009|
|   1,120000E-001|   1,120000E-001|   4,211333E-009|
|   1,088000E+000|   1,088000E+000|   5,431328E-009|
|   7,040000E-001|   7,040000E-001|   2,978816E-009|
|   1,576000E+000|   1,576000E+000|   1,769413E-008|
|   1,680000E+000|   1,680000E+000|   1,886176E-008|
|   1,064000E+000|   1,064000E+000|   1,194578E-008|
|  -8,080000E-001|  -8,080000E-001|   9,071603E-009|
|   1,072000E+000|   1,072000E+000|   1,203558E-008|
|  -7,920000E-001|  -7,920000E-001|   8,891964E-009|
|   1,128000E+000|   1,128000E+000|   1,266433E-008|
|  -6,800000E-001|  -6,800000E-001|   7,634493E-009|
|   1,280000E+000|   1,280000E+000|   1,437084E-008|
|  -3,760000E-001|  -3,760000E-001|   4,221445E-009|
|   1,576000E+000|   1,576000E+000|   1,769413E-008|
|   2,160000E-001|   2,160000E-001|   2,425079E-009|
|   2,064000E+000|   2,064000E+000|   2,317300E-008|
|   1,192000E+000|   1,192000E+000|   1,338289E-008|
|   2,160000E-001|   2,160000E-001|   2,425079E-009|
|   6,480000E-001|   6,480000E-001|   7,275259E-009|
|   2,240000E-001|   2,240000E-001|   2,514899E-009|
|   6,640000E-001|   6,640000E-001|   7,454898E-009|
|   2,800000E-001|   2,800000E-001|   3,143612E-009|
|   7,760000E-001|   7,760000E-001|   8,712326E-009|
|   4,320000E-001|   4,320000E-001|   4,850158E-009|
|   1,080000E+000|   1,080000E+000|   1,212537E-008|
|   7,280000E-001|   7,280000E-001|   8,173410E-009|
|   1,672000E+000|   1,672000E+000|   1,877188E-008|
|   1,216000E+000|   1,216000E+000|   1,365228E-008|
|   2,648000E+000|   2,648000E+000|   2,972971E-008|
|   2,240000E-001|   2,240000E-001|   2,514899E-009|
|   6,400000E-001|   6,400000E-001|   7,185418E-009|
|   2,320000E-001|   2,320000E-001|   1,514082E-008|
|   6,560000E-001|   6,560000E-001|   6,951753E-009|
|   2,880000E-001|   2,880000E-001|   2,043955E-008|
|   7,680000E-001|   7,680000E-001|   1,064661E-008|
|   4,400000E-001|   4,400000E-001|   1,796712E-008|
|   1,072000E+000|   1,072000E+000|   1,071529E-008|
|   7,360000E-001|   7,360000E-001|   1,171948E-008|
|   1,664000E+000|   1,664000E+000|   5,704895E-009|
|   1,224000E+000|   1,224000E+000|   1,374208E-008|
|   2,640000E+000|   2,640000E+000|   2,963982E-008|
|   2,800000E-001|   2,800000E-001|   3,143612E-009|
|   5,840000E-001|   5,840000E-001|   6,556704E-009|
|   2,880000E-001|   2,880000E-001|   7,079803E-009|
|   6,000000E-001|   6,000000E-001|   7,812006E-009|
|   3,440000E-001|   3,440000E-001|   6,833493E-009|
|   7,120000E-001|   7,120000E-001|   1,007689E-008|
|   4,960000E-001|   4,960000E-001|   6,407353E-009|
|   1,016000E+000|   1,016000E+000|   9,171465E-009|
|   7,920000E-001|   7,920000E-001|   5,649680E-009|
|   1,608000E+000|   1,608000E+000|   5,333014E-009|
|   1,280000E+000|   1,280000E+000|   1,437084E-008|
|   2,584000E+000|   2,584000E+000|   2,901115E-008|
|   4,320000E-001|   4,320000E-001|   4,850158E-009|
|   4,320000E-001|   4,320000E-001|   4,850159E-009|
|   4,400000E-001|   4,400000E-001|   5,700128E-009|
|   4,480000E-001|   4,480000E-001|   2,969641E-009|
|   4,960000E-001|   4,960000E-001|   9,345976E-009|
|   5,600000E-001|   5,600000E-001|   2,609862E-009|
|   6,480000E-001|   6,480000E-001|   1,024463E-008|
|   8,640000E-001|   8,640000E-001|   1,869228E-009|
|   9,440000E-001|   9,440000E-001|   6,469902E-009|
|   1,456000E+000|   1,456000E+000|   1,789313E-009|
|   1,432000E+000|   1,432000E+000|   1,607743E-008|
|   2,432000E+000|   2,432000E+000|   2,730456E-008|
|   7,280000E-001|   7,280000E-001|   8,173410E-009|
|   1,360000E-001|   1,360000E-001|   1,526907E-009|
|   7,360000E-001|   7,360000E-001|   4,102971E-009|
|   1,520000E-001|   1,520000E-001|   1,109113E-009|
|   7,920000E-001|   7,920000E-001|   7,028960E-009|
|   2,640000E-001|   2,640000E-001|   1,088842E-009|
|   9,440000E-001|   9,440000E-001|   7,243142E-009|
|   5,680000E-001|   5,680000E-001|   8,726465E-010|
|   1,240000E+000|   1,240000E+000|   4,356253E-009|
|   1,160000E+000|   1,160000E+000|   7,210053E-010|
|   1,728000E+000|   1,728000E+000|   1,940063E-008|
|   2,136000E+000|   2,136000E+000|   2,398127E-008|
|   1,216000E+000|   1,216000E+000|   1,365228E-008|
|  -3,520000E-001|  -3,520000E-001|   3,951987E-009|
|   1,224000E+000|   1,224000E+000|   1,374208E-008|
|  -3,360000E-001|  -3,360000E-001|   3,772348E-009|
|   1,280000E+000|   1,280000E+000|   1,437084E-008|
|  -2,240000E-001|  -2,240000E-001|   2,514899E-009|
|   1,432000E+000|   1,432000E+000|   1,607743E-008|
|   8,000000E-002|   8,000000E-002|   8,981773E-010|
|   1,728000E+000|   1,728000E+000|   1,940063E-008|
|   6,720000E-001|   6,720000E-001|   7,544696E-009|
|   2,216000E+000|   2,216000E+000|   2,487959E-008|
|   1,648000E+000|   1,648000E+000|   1,850248E-008|
|   5,120000E-001|   5,120000E-001|   5,748352E-009|
|   1,536000E+000|   1,536000E+000|   1,724506E-008|
|   5,200000E-001|   5,200000E-001|   5,838150E-009|
|   1,552000E+000|   1,552000E+000|   1,742465E-008|
|   5,760000E-001|   5,760000E-001|   6,466863E-009|
|   1,664000E+000|   1,664000E+000|   1,868208E-008|
|   7,280000E-001|   7,280000E-001|   8,173410E-009|
|   1,968000E+000|   1,968000E+000|   2,209517E-008|
|   1,024000E+000|   1,024000E+000|   1,149670E-008|
|   2,560000E+000|   2,560000E+000|   2,874167E-008|
|   1,512000E+000|   1,512000E+000|   1,697558E-008|
|   3,536000E+000|   3,536000E+000|   3,969942E-008|
|   5,200000E-001|   5,200000E-001|   5,838150E-009|
|   1,528000E+000|   1,528000E+000|   1,715517E-008|
|   5,280000E-001|   5,280000E-001|   9,055104E-010|
|   1,544000E+000|   1,544000E+000|   2,098389E-009|
|   5,840000E-001|   5,840000E-001|   1,253219E-009|
|   1,656000E+000|   1,656000E+000|   2,673972E-009|
|   7,360000E-001|   7,360000E-001|   1,346792E-009|
|   1,960000E+000|   1,960000E+000|   2,515928E-009|
|   1,032000E+000|   1,032000E+000|   1,083342E-009|
|   2,552000E+000|   2,552000E+000|   1,533673E-009|
|   1,520000E+000|   1,520000E+000|   1,706537E-008|
|   3,528000E+000|   3,528000E+000|   3,960971E-008|
|   5,760000E-001|   5,760000E-001|   6,466863E-009|
|   1,472000E+000|   1,472000E+000|   1,652650E-008|
|   5,840000E-001|   5,840000E-001|   2,745195E-009|
|   1,488000E+000|   1,488000E+000|   9,926746E-010|
|   6,400000E-001|   6,400000E-001|   4,944180E-009|
|   1,600000E+000|   1,600000E+000|   1,044221E-009|
|   7,920000E-001|   7,920000E-001|   5,243370E-009|
|   1,904000E+000|   1,904000E+000|   9,359580E-010|
|   1,088000E+000|   1,088000E+000|   3,192350E-009|
|   2,496000E+000|   2,496000E+000|   7,801511E-010|
|   1,576000E+000|   1,576000E+000|   1,769413E-008|
|   3,472000E+000|   3,472000E+000|   3,898086E-008|
|   7,280000E-001|   7,280000E-001|   8,173410E-009|
|   1,320000E+000|   1,320000E+000|   1,481991E-008|
|   7,360000E-001|   7,360000E-001|   2,623837E-009|
|   1,336000E+000|   1,336000E+000|   8,485173E-010|
|   7,920000E-001|   7,920000E-001|   4,124396E-009|
|   1,448000E+000|   1,448000E+000|   1,232296E-009|
|   9,440000E-001|   9,440000E-001|   4,041301E-009|
|   1,752000E+000|   1,752000E+000|   1,171269E-009|
|   1,240000E+000|   1,240000E+000|   2,599405E-009|
|   2,344000E+000|   2,344000E+000|   7,167560E-010|
|   1,728000E+000|   1,728000E+000|   1,940063E-008|
|   3,320000E+000|   3,320000E+000|   3,727445E-008|
|   1,024000E+000|   1,024000E+000|   1,149670E-008|
|   1,024000E+000|   1,024000E+000|   1,149670E-008|
|   1,032000E+000|   1,032000E+000|   1,301796E-009|
|   1,040000E+000|   1,040000E+000|   4,264622E-010|
|   1,088000E+000|   1,088000E+000|   1,985466E-009|
|   1,152000E+000|   1,152000E+000|   5,807219E-010|
|   1,240000E+000|   1,240000E+000|   1,983228E-009|
|   1,456000E+000|   1,456000E+000|   5,593193E-010|
|   1,536000E+000|   1,536000E+000|   1,314063E-009|
|   2,048000E+000|   2,048000E+000|   3,512217E-010|
|   2,024000E+000|   2,024000E+000|   2,272393E-008|
|   3,024000E+000|   3,024000E+000|   3,395115E-008|
|   1,512000E+000|   1,512000E+000|   1,697558E-008|
|   5,360000E-001|   5,360000E-001|   6,017788E-009|
|   1,520000E+000|   1,520000E+000|   1,706537E-008|
|   5,520000E-001|   5,520000E-001|   6,197427E-009|
|   1,576000E+000|   1,576000E+000|   1,769413E-008|
|   6,640000E-001|   6,640000E-001|   7,454898E-009|
|   1,728000E+000|   1,728000E+000|   1,940063E-008|
|   9,680000E-001|   9,680000E-001|   1,086795E-008|
|   2,024000E+000|   2,024000E+000|   2,272393E-008|
|   1,560000E+000|   1,560000E+000|   1,751445E-008|
|   2,512000E+000|   2,512000E+000|   2,820271E-008|
|   2,536000E+000|   2,536000E+000|   2,847219E-008|
|   1,000000E+000|   1,000000E+000|   1,122722E-008|
|   3,000000E+000|   3,000000E+000|   3,368167E-008|
|   1,008000E+000|   1,008000E+000|   1,131702E-008|
|   3,016000E+000|   3,016000E+000|   3,386127E-008|
|   1,064000E+000|   1,064000E+000|   1,194578E-008|
|   3,128000E+000|   3,128000E+000|   3,511878E-008|
|   1,216000E+000|   1,216000E+000|   1,365228E-008|
|   3,432000E+000|   3,432000E+000|   3,853179E-008|
|   1,512000E+000|   1,512000E+000|   1,697558E-008|
|   4,024000E+000|   4,024000E+000|   4,517820E-008|
|   2,000000E+000|   2,000000E+000|   2,245445E-008|
|   5,000000E+000|   5,000000E+000|   5,613612E-008|
|   1,008000E+000|   1,008000E+000|   1,131702E-008|
|   2,992000E+000|   2,992000E+000|   3,359179E-008|
|   1,016000E+000|   1,016000E+000|   1,140682E-008|
|   3,008000E+000|   3,008000E+000|   3,377156E-008|
|   1,072000E+000|   1,072000E+000|   1,203558E-008|
|   3,120000E+000|   3,120000E+000|   3,502890E-008|
|   1,224000E+000|   1,224000E+000|   1,374208E-008|
|   3,424000E+000|   3,424000E+000|   3,844208E-008|
|   1,520000E+000|   1,520000E+000|   1,706537E-008|
|   4,016000E+000|   4,016000E+000|   4,508866E-008|
|   2,008000E+000|   2,008000E+000|   2,254433E-008|
|   4,992000E+000|   4,992000E+000|   5,604624E-008|
|   1,064000E+000|   1,064000E+000|   1,194578E-008|
|   2,936000E+000|   2,936000E+000|   3,296312E-008|
|   1,072000E+000|   1,072000E+000|   1,203558E-008|
|   2,952000E+000|   2,952000E+000|   3,314271E-008|
|   1,128000E+000|   1,128000E+000|   1,266433E-008|
|   3,064000E+000|   3,064000E+000|   3,440023E-008|
|   1,280000E+000|   1,280000E+000|   1,437084E-008|
|   3,368000E+000|   3,368000E+000|   3,781323E-008|
|   1,576000E+000|   1,576000E+000|   1,769413E-008|
|   3,960000E+000|   3,960000E+000|   4,445982E-008|
|   2,064000E+000|   2,064000E+000|   2,317300E-008|
|   4,936000E+000|   4,936000E+000|   5,541774E-008|
|   1,216000E+000|   1,216000E+000|   1,365228E-008|
|   2,784000E+000|   2,784000E+000|   3,125653E-008|
|   1,224000E+000|   1,224000E+000|   1,374208E-008|
|   2,800000E+000|   2,800000E+000|   3,143630E-008|
|   1,280000E+000|   1,280000E+000|   1,437084E-008|
|   2,912000E+000|   2,912000E+000|   3,269364E-008|
|   1,432000E+000|   1,432000E+000|   1,607743E-008|
|   3,216000E+000|   3,216000E+000|   3,610682E-008|
|   1,728000E+000|   1,728000E+000|   1,940063E-008|
|   3,808000E+000|   3,808000E+000|   4,275323E-008|
|   2,216000E+000|   2,216000E+000|   2,487959E-008|
|   4,784000E+000|   4,784000E+000|   5,371098E-008|
|   1,512000E+000|   1,512000E+000|   1,697558E-008|
|   2,488000E+000|   2,488000E+000|   2,793341E-008|
|   1,520000E+000|   1,520000E+000|   1,706537E-008|
|   2,504000E+000|   2,504000E+000|   2,811300E-008|
|   1,576000E+000|   1,576000E+000|   1,769413E-008|
|   2,616000E+000|   2,616000E+000|   2,937034E-008|
|   1,728000E+000|   1,728000E+000|   1,940063E-008|
|   2,920000E+000|   2,920000E+000|   3,278352E-008|
|   2,024000E+000|   2,024000E+000|   2,272393E-008|
|   3,512000E+000|   3,512000E+000|   3,942994E-008|
|   2,512000E+000|   2,512000E+000|   2,820271E-008|
|   4,488000E+000|   4,488000E+000|   5,038769E-008|
|   2,000000E+000|   2,000000E+000|   2,245445E-008|
|   2,000000E+000|   2,000000E+000|   2,245445E-008|
|   2,008000E+000|   2,008000E+000|   2,254433E-008|
|   2,016000E+000|   2,016000E+000|   2,263404E-008|
|   2,064000E+000|   2,064000E+000|   2,317300E-008|
|   2,128000E+000|   2,128000E+000|   2,389156E-008|
|   2,216000E+000|   2,216000E+000|   2,487959E-008|
|   2,432000E+000|   2,432000E+000|   2,730456E-008|
|   2,512000E+000|   2,512000E+000|   2,820271E-008|
|   3,024000E+000|   3,024000E+000|   3,395115E-008|
|   3,000000E+000|   3,000000E+000|   3,368167E-008|
|   4,000000E+000|   4,000000E+000|   4,490890E-008|
----------------------------------------------------
