                   0                        0                        0
                 0,2                        0                        0
                 0,4                        0                        0
  0,6000000000000001                        0                        0
                 0,8                        0                        0
                   1                        0                        0
                   0                      0,2                        0
                 0,2                      0,2                        0
                 0,4                      0,2                        0
  0,6000000000000001                      0,2                        0
                 0,8                      0,2                        0
                   1                      0,2                        0
                   0                      0,4                        0
                 0,2                      0,4                        0
                 0,4                      0,4                        0
  0,6000000000000001                      0,4                        0
                 0,8                      0,4                        0
                   1                      0,4                        0
                   0       0,6000000000000001                        0
                 0,2       0,6000000000000001                        0
                 0,4       0,6000000000000001                        0
  0,6000000000000001       0,6000000000000001                        0
                 0,8       0,6000000000000001                        0
                   1       0,6000000000000001                        0
                   0                      0,8                        0
                 0,2                      0,8                        0
                 0,4                      0,8                        0
  0,6000000000000001                      0,8                        0
                 0,8                      0,8                        0
                   1                      0,8                        0
                   0                        1                        0
                 0,2                        1                        0
                 0,4                        1                        0
  0,6000000000000001                        1                        0
                 0,8                        1                        0
                   1                        1                        0
                   0                        0                      0,2
                 0,2                        0                      0,2
                 0,4                        0                      0,2
  0,6000000000000001                        0                      0,2
                 0,8                        0                      0,2
                   1                        0                      0,2
                   0                      0,2                      0,2
                 0,2                      0,2                      0,2
                 0,4                      0,2                      0,2
  0,6000000000000001                      0,2                      0,2
                 0,8                      0,2                      0,2
                   1                      0,2                      0,2
                   0                      0,4                      0,2
                 0,2                      0,4                      0,2
                 0,4                      0,4                      0,2
  0,6000000000000001                      0,4                      0,2
                 0,8                      0,4                      0,2
                   1                      0,4                      0,2
                   0       0,6000000000000001                      0,2
                 0,2       0,6000000000000001                      0,2
                 0,4       0,6000000000000001                      0,2
  0,6000000000000001       0,6000000000000001                      0,2
                 0,8       0,6000000000000001                      0,2
                   1       0,6000000000000001                      0,2
                   0                      0,8                      0,2
                 0,2                      0,8                      0,2
                 0,4                      0,8                      0,2
  0,6000000000000001                      0,8                      0,2
                 0,8                      0,8                      0,2
                   1                      0,8                      0,2
                   0                        1                      0,2
                 0,2                        1                      0,2
                 0,4                        1                      0,2
  0,6000000000000001                        1                      0,2
                 0,8                        1                      0,2
                   1                        1                      0,2
                   0                        0                      0,4
                 0,2                        0                      0,4
                 0,4                        0                      0,4
  0,6000000000000001                        0                      0,4
                 0,8                        0                      0,4
                   1                        0                      0,4
                   0                      0,2                      0,4
                 0,2                      0,2                      0,4
                 0,4                      0,2                      0,4
  0,6000000000000001                      0,2                      0,4
                 0,8                      0,2                      0,4
                   1                      0,2                      0,4
                   0                      0,4                      0,4
                 0,2                      0,4                      0,4
                 0,4                      0,4                      0,4
  0,6000000000000001                      0,4                      0,4
                 0,8                      0,4                      0,4
                   1                      0,4                      0,4
                   0       0,6000000000000001                      0,4
                 0,2       0,6000000000000001                      0,4
                 0,4       0,6000000000000001                      0,4
  0,6000000000000001       0,6000000000000001                      0,4
                 0,8       0,6000000000000001                      0,4
                   1       0,6000000000000001                      0,4
                   0                      0,8                      0,4
                 0,2                      0,8                      0,4
                 0,4                      0,8                      0,4
  0,6000000000000001                      0,8                      0,4
                 0,8                      0,8                      0,4
                   1                      0,8                      0,4
                   0                        1                      0,4
                 0,2                        1                      0,4
                 0,4                        1                      0,4
  0,6000000000000001                        1                      0,4
                 0,8                        1                      0,4
                   1                        1                      0,4
                   0                        0       0,6000000000000001
                 0,2                        0       0,6000000000000001
                 0,4                        0       0,6000000000000001
  0,6000000000000001                        0       0,6000000000000001
                 0,8                        0       0,6000000000000001
                   1                        0       0,6000000000000001
                   0                      0,2       0,6000000000000001
                 0,2                      0,2       0,6000000000000001
                 0,4                      0,2       0,6000000000000001
  0,6000000000000001                      0,2       0,6000000000000001
                 0,8                      0,2       0,6000000000000001
                   1                      0,2       0,6000000000000001
                   0                      0,4       0,6000000000000001
                 0,2                      0,4       0,6000000000000001
                 0,4                      0,4       0,6000000000000001
  0,6000000000000001                      0,4       0,6000000000000001
                 0,8                      0,4       0,6000000000000001
                   1                      0,4       0,6000000000000001
                   0       0,6000000000000001       0,6000000000000001
                 0,2       0,6000000000000001       0,6000000000000001
                 0,4       0,6000000000000001       0,6000000000000001
  0,6000000000000001       0,6000000000000001       0,6000000000000001
                 0,8       0,6000000000000001       0,6000000000000001
                   1       0,6000000000000001       0,6000000000000001
                   0                      0,8       0,6000000000000001
                 0,2                      0,8       0,6000000000000001
                 0,4                      0,8       0,6000000000000001
  0,6000000000000001                      0,8       0,6000000000000001
                 0,8                      0,8       0,6000000000000001
                   1                      0,8       0,6000000000000001
                   0                        1       0,6000000000000001
                 0,2                        1       0,6000000000000001
                 0,4                        1       0,6000000000000001
  0,6000000000000001                        1       0,6000000000000001
                 0,8                        1       0,6000000000000001
                   1                        1       0,6000000000000001
                   0                        0                      0,8
                 0,2                        0                      0,8
                 0,4                        0                      0,8
  0,6000000000000001                        0                      0,8
                 0,8                        0                      0,8
                   1                        0                      0,8
                   0                      0,2                      0,8
                 0,2                      0,2                      0,8
                 0,4                      0,2                      0,8
  0,6000000000000001                      0,2                      0,8
                 0,8                      0,2                      0,8
                   1                      0,2                      0,8
                   0                      0,4                      0,8
                 0,2                      0,4                      0,8
                 0,4                      0,4                      0,8
  0,6000000000000001                      0,4                      0,8
                 0,8                      0,4                      0,8
                   1                      0,4                      0,8
                   0       0,6000000000000001                      0,8
                 0,2       0,6000000000000001                      0,8
                 0,4       0,6000000000000001                      0,8
  0,6000000000000001       0,6000000000000001                      0,8
                 0,8       0,6000000000000001                      0,8
                   1       0,6000000000000001                      0,8
                   0                      0,8                      0,8
                 0,2                      0,8                      0,8
                 0,4                      0,8                      0,8
  0,6000000000000001                      0,8                      0,8
                 0,8                      0,8                      0,8
                   1                      0,8                      0,8
                   0                        1                      0,8
                 0,2                        1                      0,8
                 0,4                        1                      0,8
  0,6000000000000001                        1                      0,8
                 0,8                        1                      0,8
                   1                        1                      0,8
                   0                        0                        1
                 0,2                        0                        1
                 0,4                        0                        1
  0,6000000000000001                        0                        1
                 0,8                        0                        1
                   1                        0                        1
                   0                      0,2                        1
                 0,2                      0,2                        1
                 0,4                      0,2                        1
  0,6000000000000001                      0,2                        1
                 0,8                      0,2                        1
                   1                      0,2                        1
                   0                      0,4                        1
                 0,2                      0,4                        1
                 0,4                      0,4                        1
  0,6000000000000001                      0,4                        1
                 0,8                      0,4                        1
                   1                      0,4                        1
                   0       0,6000000000000001                        1
                 0,2       0,6000000000000001                        1
                 0,4       0,6000000000000001                        1
  0,6000000000000001       0,6000000000000001                        1
                 0,8       0,6000000000000001                        1
                   1       0,6000000000000001                        1
                   0                      0,8                        1
                 0,2                      0,8                        1
                 0,4                      0,8                        1
  0,6000000000000001                      0,8                        1
                 0,8                      0,8                        1
                   1                      0,8                        1
                   0                        1                        1
                 0,2                        1                        1
                 0,4                        1                        1
  0,6000000000000001                        1                        1
                 0,8                        1                        1
                   1                        1                        1