    0       1       6       7      36      37      42      43
   36      37      42      43      72      73      78      79
   72      73      78      79     108     109     114     115
  108     109     114     115     144     145     150     151
  144     145     150     151     180     181     186     187
    6       7      12      13      42      43      48      49
   42      43      48      49      78      79      84      85
   78      79      84      85     114     115     120     121
  114     115     120     121     150     151     156     157
  150     151     156     157     186     187     192     193
   12      13      18      19      48      49      54      55
   48      49      54      55      84      85      90      91
   84      85      90      91     120     121     126     127
  120     121     126     127     156     157     162     163
  156     157     162     163     192     193     198     199
   18      19      24      25      54      55      60      61
   54      55      60      61      90      91      96      97
   90      91      96      97     126     127     132     133
  126     127     132     133     162     163     168     169
  162     163     168     169     198     199     204     205
   24      25      30      31      60      61      66      67
   60      61      66      67      96      97     102     103
   96      97     102     103     132     133     138     139
  132     133     138     139     168     169     174     175
  168     169     174     175     204     205     210     211
    1       2       7       8      37      38      43      44
   37      38      43      44      73      74      79      80
   73      74      79      80     109     110     115     116
  109     110     115     116     145     146     151     152
  145     146     151     152     181     182     187     188
    7       8      13      14      43      44      49      50
   43      44      49      50      79      80      85      86
   79      80      85      86     115     116     121     122
  115     116     121     122     151     152     157     158
  151     152     157     158     187     188     193     194
   13      14      19      20      49      50      55      56
   49      50      55      56      85      86      91      92
   85      86      91      92     121     122     127     128
  121     122     127     128     157     158     163     164
  157     158     163     164     193     194     199     200
   19      20      25      26      55      56      61      62
   55      56      61      62      91      92      97      98
   91      92      97      98     127     128     133     134
  127     128     133     134     163     164     169     170
  163     164     169     170     199     200     205     206
   25      26      31      32      61      62      67      68
   61      62      67      68      97      98     103     104
   97      98     103     104     133     134     139     140
  133     134     139     140     169     170     175     176
  169     170     175     176     205     206     211     212
    2       3       8       9      38      39      44      45
   38      39      44      45      74      75      80      81
   74      75      80      81     110     111     116     117
  110     111     116     117     146     147     152     153
  146     147     152     153     182     183     188     189
    8       9      14      15      44      45      50      51
   44      45      50      51      80      81      86      87
   80      81      86      87     116     117     122     123
  116     117     122     123     152     153     158     159
  152     153     158     159     188     189     194     195
   14      15      20      21      50      51      56      57
   50      51      56      57      86      87      92      93
   86      87      92      93     122     123     128     129
  122     123     128     129     158     159     164     165
  158     159     164     165     194     195     200     201
   20      21      26      27      56      57      62      63
   56      57      62      63      92      93      98      99
   92      93      98      99     128     129     134     135
  128     129     134     135     164     165     170     171
  164     165     170     171     200     201     206     207
   26      27      32      33      62      63      68      69
   62      63      68      69      98      99     104     105
   98      99     104     105     134     135     140     141
  134     135     140     141     170     171     176     177
  170     171     176     177     206     207     212     213
    3       4       9      10      39      40      45      46
   39      40      45      46      75      76      81      82
   75      76      81      82     111     112     117     118
  111     112     117     118     147     148     153     154
  147     148     153     154     183     184     189     190
    9      10      15      16      45      46      51      52
   45      46      51      52      81      82      87      88
   81      82      87      88     117     118     123     124
  117     118     123     124     153     154     159     160
  153     154     159     160     189     190     195     196
   15      16      21      22      51      52      57      58
   51      52      57      58      87      88      93      94
   87      88      93      94     123     124     129     130
  123     124     129     130     159     160     165     166
  159     160     165     166     195     196     201     202
   21      22      27      28      57      58      63      64
   57      58      63      64      93      94      99     100
   93      94      99     100     129     130     135     136
  129     130     135     136     165     166     171     172
  165     166     171     172     201     202     207     208
   27      28      33      34      63      64      69      70
   63      64      69      70      99     100     105     106
   99     100     105     106     135     136     141     142
  135     136     141     142     171     172     177     178
  171     172     177     178     207     208     213     214
    4       5      10      11      40      41      46      47
   40      41      46      47      76      77      82      83
   76      77      82      83     112     113     118     119
  112     113     118     119     148     149     154     155
  148     149     154     155     184     185     190     191
   10      11      16      17      46      47      52      53
   46      47      52      53      82      83      88      89
   82      83      88      89     118     119     124     125
  118     119     124     125     154     155     160     161
  154     155     160     161     190     191     196     197
   16      17      22      23      52      53      58      59
   52      53      58      59      88      89      94      95
   88      89      94      95     124     125     130     131
  124     125     130     131     160     161     166     167
  160     161     166     167     196     197     202     203
   22      23      28      29      58      59      64      65
   58      59      64      65      94      95     100     101
   94      95     100     101     130     131     136     137
  130     131     136     137     166     167     172     173
  166     167     172     173     202     203     208     209
   28      29      34      35      64      65      70      71
   64      65      70      71     100     101     106     107
  100     101     106     107     136     137     142     143
  136     137     142     143     172     173     178     179
  172     173     178     179     208     209     214     215