    0       1       6       7
    6       7      12      13
   12      13      18      19
   18      19      24      25
   24      25      30      31
    1       2       7       8
    7       8      13      14
   13      14      19      20
   19      20      25      26
   25      26      31      32
    2       3       8       9
    8       9      14      15
   14      15      20      21
   20      21      26      27
   26      27      32      33
    3       4       9      10
    9      10      15      16
   15      16      21      22
   21      22      27      28
   27      28      33      34
    4       5      10      11
   10      11      16      17
   16      17      22      23
   22      23      28      29
   28      29      34      35
  180     181     186     187
  186     187     192     193
  192     193     198     199
  198     199     204     205
  204     205     210     211
  181     182     187     188
  187     188     193     194
  193     194     199     200
  199     200     205     206
  205     206     211     212
  182     183     188     189
  188     189     194     195
  194     195     200     201
  200     201     206     207
  206     207     212     213
  183     184     189     190
  189     190     195     196
  195     196     201     202
  201     202     207     208
  207     208     213     214
  184     185     190     191
  190     191     196     197
  196     197     202     203
  202     203     208     209
  208     209     214     215
    0       1      36      37
   36      37      72      73
   72      73     108     109
  108     109     144     145
  144     145     180     181
    1       2      37      38
   37      38      73      74
   73      74     109     110
  109     110     145     146
  145     146     181     182
    2       3      38      39
   38      39      74      75
   74      75     110     111
  110     111     146     147
  146     147     182     183
    3       4      39      40
   39      40      75      76
   75      76     111     112
  111     112     147     148
  147     148     183     184
    4       5      40      41
   40      41      76      77
   76      77     112     113
  112     113     148     149
  148     149     184     185
   30      31      66      67
   66      67     102     103
  102     103     138     139
  138     139     174     175
  174     175     210     211
   31      32      67      68
   67      68     103     104
  103     104     139     140
  139     140     175     176
  175     176     211     212
   32      33      68      69
   68      69     104     105
  104     105     140     141
  140     141     176     177
  176     177     212     213
   33      34      69      70
   69      70     105     106
  105     106     141     142
  141     142     177     178
  177     178     213     214
   34      35      70      71
   70      71     106     107
  106     107     142     143
  142     143     178     179
  178     179     214     215
    0       6      36      42
   36      42      72      78
   72      78     108     114
  108     114     144     150
  144     150     180     186
    6      12      42      48
   42      48      78      84
   78      84     114     120
  114     120     150     156
  150     156     186     192
   12      18      48      54
   48      54      84      90
   84      90     120     126
  120     126     156     162
  156     162     192     198
   18      24      54      60
   54      60      90      96
   90      96     126     132
  126     132     162     168
  162     168     198     204
   24      30      60      66
   60      66      96     102
   96     102     132     138
  132     138     168     174
  168     174     204     210
    5      11      41      47
   41      47      77      83
   77      83     113     119
  113     119     149     155
  149     155     185     191
   11      17      47      53
   47      53      83      89
   83      89     119     125
  119     125     155     161
  155     161     191     197
   17      23      53      59
   53      59      89      95
   89      95     125     131
  125     131     161     167
  161     167     197     203
   23      29      59      65
   59      65      95     101
   95     101     131     137
  131     137     167     173
  167     173     203     209
   29      35      65      71
   65      71     101     107
  101     107     137     143
  137     143     173     179
  173     179     209     215