                   0                        0                        0
                 0,2                        0                        0
                0,44                        0                        0
               0,728                        0                        0
                   1                        0                        0
                   0                      0,2                        0
                 0,2                      0,2                        0
                0,44                      0,2                        0
               0,728                      0,2                        0
                   1                      0,2                        0
                   0                     0,44                        0
                 0,2                     0,44                        0
                0,44                     0,44                        0
               0,728                     0,44                        0
                   1                     0,44                        0
                   0                    0,728                        0
                 0,2                    0,728                        0
                0,44                    0,728                        0
               0,728                    0,728                        0
                   1                    0,728                        0
                   0                        1                        0
                 0,2                        1                        0
                0,44                        1                        0
               0,728                        1                        0
                   1                        1                        0
                   0                        0                      0,2
                 0,2                        0                      0,2
                0,44                        0                      0,2
               0,728                        0                      0,2
                   1                        0                      0,2
                   0                      0,2                      0,2
                 0,2                      0,2                      0,2
                0,44                      0,2                      0,2
               0,728                      0,2                      0,2
                   1                      0,2                      0,2
                   0                     0,44                      0,2
                 0,2                     0,44                      0,2
                0,44                     0,44                      0,2
               0,728                     0,44                      0,2
                   1                     0,44                      0,2
                   0                    0,728                      0,2
                 0,2                    0,728                      0,2
                0,44                    0,728                      0,2
               0,728                    0,728                      0,2
                   1                    0,728                      0,2
                   0                        1                      0,2
                 0,2                        1                      0,2
                0,44                        1                      0,2
               0,728                        1                      0,2
                   1                        1                      0,2
                   0                        0                     0,44
                 0,2                        0                     0,44
                0,44                        0                     0,44
               0,728                        0                     0,44
                   1                        0                     0,44
                   0                      0,2                     0,44
                 0,2                      0,2                     0,44
                0,44                      0,2                     0,44
               0,728                      0,2                     0,44
                   1                      0,2                     0,44
                   0                     0,44                     0,44
                 0,2                     0,44                     0,44
                0,44                     0,44                     0,44
               0,728                     0,44                     0,44
                   1                     0,44                     0,44
                   0                    0,728                     0,44
                 0,2                    0,728                     0,44
                0,44                    0,728                     0,44
               0,728                    0,728                     0,44
                   1                    0,728                     0,44
                   0                        1                     0,44
                 0,2                        1                     0,44
                0,44                        1                     0,44
               0,728                        1                     0,44
                   1                        1                     0,44
                   0                        0                    0,728
                 0,2                        0                    0,728
                0,44                        0                    0,728
               0,728                        0                    0,728
                   1                        0                    0,728
                   0                      0,2                    0,728
                 0,2                      0,2                    0,728
                0,44                      0,2                    0,728
               0,728                      0,2                    0,728
                   1                      0,2                    0,728
                   0                     0,44                    0,728
                 0,2                     0,44                    0,728
                0,44                     0,44                    0,728
               0,728                     0,44                    0,728
                   1                     0,44                    0,728
                   0                    0,728                    0,728
                 0,2                    0,728                    0,728
                0,44                    0,728                    0,728
               0,728                    0,728                    0,728
                   1                    0,728                    0,728
                   0                        1                    0,728
                 0,2                        1                    0,728
                0,44                        1                    0,728
               0,728                        1                    0,728
                   1                        1                    0,728
                   0                        0                        1
                 0,2                        0                        1
                0,44                        0                        1
               0,728                        0                        1
                   1                        0                        1
                   0                      0,2                        1
                 0,2                      0,2                        1
                0,44                      0,2                        1
               0,728                      0,2                        1
                   1                      0,2                        1
                   0                     0,44                        1
                 0,2                     0,44                        1
                0,44                     0,44                        1
               0,728                     0,44                        1
                   1                     0,44                        1
                   0                    0,728                        1
                 0,2                    0,728                        1
                0,44                    0,728                        1
               0,728                    0,728                        1
                   1                    0,728                        1
                   0                        1                        1
                 0,2                        1                        1
                0,44                        1                        1
               0,728                        1                        1
                   1                        1                        1