    0       1       5       6      25      26      30      31
   25      26      30      31      50      51      55      56
   50      51      55      56      75      76      80      81
   75      76      80      81     100     101     105     106
    5       6      10      11      30      31      35      36
   30      31      35      36      55      56      60      61
   55      56      60      61      80      81      85      86
   80      81      85      86     105     106     110     111
   10      11      15      16      35      36      40      41
   35      36      40      41      60      61      65      66
   60      61      65      66      85      86      90      91
   85      86      90      91     110     111     115     116
   15      16      20      21      40      41      45      46
   40      41      45      46      65      66      70      71
   65      66      70      71      90      91      95      96
   90      91      95      96     115     116     120     121
    1       2       6       7      26      27      31      32
   26      27      31      32      51      52      56      57
   51      52      56      57      76      77      81      82
   76      77      81      82     101     102     106     107
    6       7      11      12      31      32      36      37
   31      32      36      37      56      57      61      62
   56      57      61      62      81      82      86      87
   81      82      86      87     106     107     111     112
   11      12      16      17      36      37      41      42
   36      37      41      42      61      62      66      67
   61      62      66      67      86      87      91      92
   86      87      91      92     111     112     116     117
   16      17      21      22      41      42      46      47
   41      42      46      47      66      67      71      72
   66      67      71      72      91      92      96      97
   91      92      96      97     116     117     121     122
    2       3       7       8      27      28      32      33
   27      28      32      33      52      53      57      58
   52      53      57      58      77      78      82      83
   77      78      82      83     102     103     107     108
    7       8      12      13      32      33      37      38
   32      33      37      38      57      58      62      63
   57      58      62      63      82      83      87      88
   82      83      87      88     107     108     112     113
   12      13      17      18      37      38      42      43
   37      38      42      43      62      63      67      68
   62      63      67      68      87      88      92      93
   87      88      92      93     112     113     117     118
   17      18      22      23      42      43      47      48
   42      43      47      48      67      68      72      73
   67      68      72      73      92      93      97      98
   92      93      97      98     117     118     122     123
    3       4       8       9      28      29      33      34
   28      29      33      34      53      54      58      59
   53      54      58      59      78      79      83      84
   78      79      83      84     103     104     108     109
    8       9      13      14      33      34      38      39
   33      34      38      39      58      59      63      64
   58      59      63      64      83      84      88      89
   83      84      88      89     108     109     113     114
   13      14      18      19      38      39      43      44
   38      39      43      44      63      64      68      69
   63      64      68      69      88      89      93      94
   88      89      93      94     113     114     118     119
   18      19      23      24      43      44      48      49
   43      44      48      49      68      69      73      74
   68      69      73      74      93      94      98      99
   93      94      98      99     118     119     123     124