    0       1       5       6
    5       6      10      11
   10      11      15      16
   15      16      20      21
    1       2       6       7
    6       7      11      12
   11      12      16      17
   16      17      21      22
    2       3       7       8
    7       8      12      13
   12      13      17      18
   17      18      22      23
    3       4       8       9
    8       9      13      14
   13      14      18      19
   18      19      23      24
  100     101     105     106
  105     106     110     111
  110     111     115     116
  115     116     120     121
  101     102     106     107
  106     107     111     112
  111     112     116     117
  116     117     121     122
  102     103     107     108
  107     108     112     113
  112     113     117     118
  117     118     122     123
  103     104     108     109
  108     109     113     114
  113     114     118     119
  118     119     123     124
    0       1      25      26
   25      26      50      51
   50      51      75      76
   75      76     100     101
    1       2      26      27
   26      27      51      52
   51      52      76      77
   76      77     101     102
    2       3      27      28
   27      28      52      53
   52      53      77      78
   77      78     102     103
    3       4      28      29
   28      29      53      54
   53      54      78      79
   78      79     103     104
   20      21      45      46
   45      46      70      71
   70      71      95      96
   95      96     120     121
   21      22      46      47
   46      47      71      72
   71      72      96      97
   96      97     121     122
   22      23      47      48
   47      48      72      73
   72      73      97      98
   97      98     122     123
   23      24      48      49
   48      49      73      74
   73      74      98      99
   98      99     123     124
    0       5      25      30
   25      30      50      55
   50      55      75      80
   75      80     100     105
    5      10      30      35
   30      35      55      60
   55      60      80      85
   80      85     105     110
   10      15      35      40
   35      40      60      65
   60      65      85      90
   85      90     110     115
   15      20      40      45
   40      45      65      70
   65      70      90      95
   90      95     115     120
    4       9      29      34
   29      34      54      59
   54      59      79      84
   79      84     104     109
    9      14      34      39
   34      39      59      64
   59      64      84      89
   84      89     109     114
   14      19      39      44
   39      44      64      69
   64      69      89      94
   89      94     114     119
   19      24      44      49
   44      49      69      74
   69      74      94      99
   94      99     119     124